64.66666666666667
62.333333333333336
61.666666666666664
68.0
51.0
59.666666666666664
64.33333333333333
35.0
44.333333333333336
73.33333333333333
63.0
57.333333333333336
68.0
62.333333333333336
40.333333333333336
66.66666666666667
78.66666666666667
45.666666666666664
69.33333333333333
70.0
70.66666666666667
72.33333333333333
50.333333333333336
56.666666666666664
63.333333333333336
67.0
76.33333333333333
73.66666666666667
43.666666666666664
62.333333333333336
54.666666666666664
67.33333333333333
60.333333333333336
70.33333333333333
69.33333333333333
68.0
59.666666666666664
50.333333333333336
71.0
54.333333333333336
82.33333333333333
53.333333333333336
60.333333333333336
73.66666666666667
37.0
69.33333333333333
71.0
59.666666666666664
56.0
58.333333333333336
62.0
77.0
73.66666666666667
63.666666666666664
57.666666666666664
60.666666666666664
48.666666666666664
49.333333333333336
35.666666666666664
59.333333333333336
45.0
51.666666666666664
61.666666666666664
49.333333333333336
71.0
43.0
60.666666666666664
75.66666666666667
62.0
45.0
53.333333333333336
62.666666666666664
63.666666666666664
35.666666666666664
64.66666666666667
53.0
68.66666666666667
55.0
51.333333333333336
75.33333333333333
48.333333333333336
69.0
36.333333333333336
68.33333333333333
87.33333333333333
87.66666666666667
62.333333333333336
71.0
73.33333333333333
64.33333333333333
54.333333333333336
63.0
54.333333333333336
77.33333333333333
68.66666666666667
58.666666666666664
71.0
75.33333333333333
67.33333333333333
71.0
68.66666666666667
49.0
71.66666666666667
65.33333333333333
66.0
67.0
60.666666666666664
50.666666666666664
62.0
76.33333333333333
78.0
53.666666666666664
50.666666666666664
77.0
55.0
82.66666666666667
55.333333333333336
66.33333333333333
66.0
73.33333333333333
58.0
79.33333333333333
62.86065573770492 62.31147540983606 61.368852459016395