64.666666667
62.333333333
61.666666667
68.0
51.0
59.666666667
64.333333333
35.0
44.333333333
73.333333333
63.0
57.333333333
68.0
62.333333333
40.333333333
66.666666667
78.666666667
45.666666667
69.333333333
70.0
70.666666667
72.333333333
50.333333333
56.666666667
63.333333333
67.0
76.333333333
73.666666667
43.666666667
62.333333333
54.666666667
67.333333333
60.333333333
70.333333333
69.333333333
68.0
59.666666667
50.333333333
71.0
54.333333333
82.333333333
53.333333333
60.333333333
73.666666667
37.0
69.333333333
71.0
59.666666667
56.0
58.333333333
62.0
77.0
73.666666667
63.666666667
57.666666667
60.666666667
48.666666667
49.333333333
35.666666667
59.333333333
45.0
51.666666667
61.666666667
49.333333333
71.0
43.0
60.666666667
75.666666667
62.0
45.0
53.333333333
62.666666667
63.666666667
35.666666667
64.666666667
53.0
68.666666667
55.0
51.333333333
75.333333333
48.333333333
69.0
36.333333333
68.333333333
87.333333333
87.666666667
62.333333333
71.0
73.333333333
64.333333333
54.333333333
63.0
54.333333333
77.333333333
68.666666667
58.666666667
71.0
75.333333333
67.333333333
71.0
68.666666667
49.0
71.666666667
65.333333333
66.0
67.0
60.666666667
50.666666667
62.0
76.333333333
78.0
53.666666667
50.666666667
77.0
55.0
82.666666667
55.333333333
66.333333333
66.0
73.333333333
58.0
79.333333333
62.860655738 62.31147541 61.368852459
